20  2 0.2 184382
20  2 0.4 200540
20  2 0.6 212234
20  2 0.8 222394
20  2 1   229359
25  2 0.2 328511
25  2 0.4 351185
25  2 0.6 373006
25  2 0.8 400290
25  2 1   414192
20  3 0.2 141785
20  3 0.4 153263
20  3 0.6 166070
20  3 0.8 186024
20  3 1   171984
25  3 0.2 254219
25  3 0.4 291539
25  3 0.6 315426
25  3 0.8 332488
25  3 1   345962
20  4 0.2 113780
20  4 0.4 129563
20  4 0.6 147657
20  4 0.8 164812
20  4 1   166048
25  4 0.2 215564
25  4 0.4 251923
25  4 0.6 272010
25  4 0.8 305854
25  4 1   322176
